 137 139 140 143 142 141 134 130 136 136 144 142 141 142 135 126
 139 144 144 146 143 143 139  75  93 140 142 145 146 144 145 138
 143 146 148 145 146 143 141  52  47  95 145 146 147 148 146 142
 142 148 149 149 147 145 120  45  41  50 126 137 145 147 147 141
 141 149 149 148 146 143  72  41  38  42  86 129  91 148 151 145
 140 151 152 121 144 124  45  39  40  42  55 115  53 132 151 149
 148 150 149  73 121  58  41  39  44  43  43  45  44  75 150 148
 146 150 143  49  50  42  41  45 100  77  44  41  44  48 137 148
 148 148  93  44  41  39  45  48 126 141  59  44  42  45 108 144
 151 151  62  43  41  42  93  85 148 155 119  49  44  45  91 147
 149 156  54  42  42  53 140 138 159 159 155  59  46  47  99 154
 154 159  60  45  47 105 156 160 163 164 158  81  45  53 127 155
 156 153 102  47  51 143 156 161 165 163 158  90  50  82 153 153
 159 156 154  73  60 161 160 161 162 162 160  86  65 141 161 157
 154 157 158 150  90 145 160 164 164 164 158  85 140 162 162 157
 144 156 157 156 157 149 158 160 158 157 153 152 155 158 158 152
 149 153 155 150 156 150 151 135 153 155 155 154 152 152 148 145
 150 152 153 151 155 153 152  77 103 153 153 155 155 156 153 151
 155 154 155 151 153 153 153  50  47 100 152 155 156 153 157 153
 157 153 154 153 152 152 122  46  44  53 135 145 153 158 156 153
 157 153 155 154 152 153  74  46  44  46  92 138  97 156 156 151
 156 155 157 122 154 126  47  43  43  46  54 122  52 140 157 156
 160 155 155  76 132  59  45  46  49  44  45  48  46  80 158 154
 156 156 145  53  53  45  46  47 109  82  46  46  43  50 145 155
 157 155  93  45  45  46  48  51 135 154  63  47  46  48 116 158
 158 158  63  45  45  47  99  80 154 162 123  48  47  46  98 159
 162 164  53  46  47  53 148 141 163 165 160  61  50  50 101 160
 161 162  55  47  50 112 160 164 165 164 164  85  48  53 131 160
 163 155  99  49  52 150 163 166 166 165 163  89  52  83 163 162
 163 159 155  69  57 166 164 166 167 166 162  84  62 145 168 164
 156 162 162 150  84 150 164 166 165 168 161  86 145 164 167 164
 151 158 160 160 158 150 159 161 161 161 155 156 159 161 160 158
 143 143 144 142 145 144 142 132 144 141 146 148 145 147 139 138
 144 146 148 146 145 148 141  73  93 140 146 147 145 145 143 140
 152 147 146 148 145 144 139  48  46  95 142 145 144 148 146 141
 148 147 147 147 146 143 116  43  44  51 131 137 144 149 147 141
 153 147 148 144 146 146  69  40  40  43  92 131  90 148 151 147
 149 151 149 119 146 118  47  41  38  41  49 115  48 129 147 144
 149 146 149  71 123  55  43  42  44  44  44  46  45  79 151 147
 149 147 136  45  47  43  42  45 108  76  44  44  43  48 141 147
 153 147  88  41  39  39  45  50 130 143  58  46  45  45 110 147
 156 147  55  41  40  42  97  80 147 148 113  44  43  43  90 145
 154 151  46  42  40  51 139 134 153 153 150  58  44  46  98 145
 153 145  53  41  46 106 149 154 151 153 152  78  45  50 122 148
 150 147  89  45  48 141 149 154 155 155 150  86  49  74 150 146
 155 151 142  62  53 151 153 153 154 154 153  79  58 136 148 147
 146 149 148 137  78 141 152 153 155 154 149  73 132 153 153 149
 147 150 150 149 149 144 148 152 149 149 149 147 149 151 150 147

 126 138 142 141 145 149 148 148 144 147 154 155 153 157 157 152
 135 145 146 147 151 151 150 137 108  91  99 127 153 161 162 158
 142 144 148 147 148 132  75  48  45  45  47  53  82 141 162 158
 141 146 147 145  91  53  44  44  42  44  46  45  50  65 140 155
 142 145 146 137 129 115  45  41  44  49  59  81  90  86  85 152
 144 142 145 126  86  55  43  44  59 119 155 158 158 160 158 153
 136 140  95  50  42  42  43  77 141 155 159 164 163 162 164 157
 136  93  47  41  38  40  44 100 126 148 159 163 165 162 164 158
 130  75  52  45  41  39  39  45  48  85 138 160 161 161 164 160
 134 139 141 120  72  45  41  41  45  93 140 156 156 160 160 158
 141 143 143 145 143 124  58  42  39  42  53 105 143 161 145 149
 142 143 146 147 146 144 121  50  41  41  42  47  51  60  90 157
 143 146 145 149 148 121  73  49  44  43  42  45  47  73 150 156
 140 144 148 149 149 152 149 143  93  62  54  60 102 154 158 157
 139 144 146 148 149 151 150 150 148 151 156 159 153 156 157 156
 137 139 143 142 141 140 148 146 148 151 149 154 156 159 154 144
 145 151 153 153 151 156 154 155 158 159 160 160 162 164 164 158
 148 153 157 156 156 157 158 145 116  98 101 131 163 168 167 160
 152 156 153 158 156 140  80  50  48  46  50  53  83 145 164 161
 152 155 156 153  97  52  46  43  46  47  50  48  52  62 145 159
 154 155 155 145 138 122  48  46  47  48  61  85  89  84  86 156
 155 153 152 135  92  54  45  46  63 123 160 164 163 162 161 155
 155 153 100  53  46  46  44  82 154 162 165 164 165 166 168 161
 153 103  47  44  44  43  49 109 135 154 163 165 166 167 165 161
 135  77  50  46  46  43  46  47  51  80 141 164 166 166 166 161
 151 152 153 122  74  47  45  46  48  99 148 160 163 164 164 159
 150 153 153 152 153 126  59  45  46  47  53 112 150 166 150 150
 156 155 153 152 152 154 132  53  45  45  47  50  52  57  84 158
 150 151 151 153 154 122  76  53  45  45  46  47  49  69 150 160
 155 153 155 154 155 157 155 145  93  63  53  55  99 155 162 160
 153 152 154 153 153 155 155 156 155 158 164 162 155 159 162 158
 149 150 155 157 157 156 160 156 157 158 162 161 163 163 156 151
 138 140 141 141 147 144 147 147 147 145 145 148 146 147 149 147
 139 143 146 147 151 147 151 141 110  90  98 122 150 148 153 150
 147 145 148 149 148 129  79  48  45  43  46  50  74 136 153 151
 145 145 144 144  90  48  45  43  45  43  44  45  49  58 132 149
 148 147 145 137 131 115  46  44  46  44  58  78  86  79  73 147
 146 146 142 131  92  49  44  44  58 113 150 152 150 153 149 149
 141 140  95  51  43  41  44  76 143 148 153 153 155 154 154 149
 144  93  46  44  40  38  44 108 130 147 153 151 155 154 155 149
 132  73  48  43  40  41  42  45  50  80 134 154 154 153 153 152
 142 141 139 116  69  47  43  42  45  97 139 149 149 153 152 148
 144 148 144 143 146 118  55  43  39  42  51 106 141 151 141 144
 145 145 145 146 146 146 123  47  39  40  40  46  48  53  78 149
 142 146 148 147 144 119  71  45  41  41  42  41  45  62 137 149
 144 148 146 147 148 149 149 136  88  55  46  53  89 142 148 150
 143 146 147 147 147 151 146 147 147 147 151 145 147 151 149 150
 143 144 152 148 153 149 149 149 153 156 154 153 150 155 146 147

 152 158 158 155 152 153 157 158 160 158 149 157 156 157 156 144
 157 162 162 140  85 158 164 164 164 160 145  90 150 158 157 154
 157 161 141  65  86 160 162 162 161 160 161  60  73 154 156 159
 153 153  82  50  90 158 163 165 161 156 143  51  47 102 153 156
 155 127  53  45  81 158 164 163 160 156 105  47  45  60 159 154
 154  99  47  46  59 155 159 159 138 140  53  42  42  54 156 149
 147  91  45  44  49 119 155 148  85  93  42  41  43  62 151 151
 144 108  45  42  44  59 141 126  48  45  39  41  44  93 148 148
 148 137  48  44  41  44  77 100  45  41  42  50  49 143 150 146
 148 150  75  44  45  43  43  44  39  41  58 121  73 149 150 148
 149 151 132  53 115  55  42  40  39  45 124 144 121 152 151 140
 145 151 148  91 129  86  42  38  41  72 143 146 148 149 149 141
 141 147 147 145 137 126  50  41  45 120 145 147 149 149 148 142
 142 146 148 147 146 145  95  47  52 141 143 146 145 148 146 143
 138 145 144 146 145 142 140  93  75 139 143 143 146 144 144 139
 126 135 142 141 142 144 136 136 130 134 141 142 143 140 139 137
 158 160 161 159 156 155 161 161 161 159 150 158 160 160 158 151
 164 167 164 145  86 161 168 165 166 164 150  84 150 162 162 156
 164 168 145  62  84 162 166 167 166 164 166  57  69 155 159 163
 162 163  83  52  89 163 165 166 166 163 150  52  49  99 155 163
 160 131  53  48  85 164 164 165 164 160 112  50  47  55 162 161
 160 101  50  50  61 160 165 163 141 148  53  47  46  53 164 162
 159  98  46  47  48 123 162 154  80  99  47  45  45  63 158 158
 158 116  48  46  47  63 154 135  51  48  46  45  45  93 155 157
 155 145  50  43  46  46  82 109  47  46  45  53  53 145 156 156
 154 158  80  46  48  45  44  49  46  45  59 132  76 155 155 160
 156 157 140  52 122  54  46  43  43  47 126 154 122 157 155 156
 151 156 156  97 138  92  46  44  46  74 153 152 154 155 153 157
 153 156 158 153 145 135  53  44  46 122 152 152 153 154 153 157
 153 157 153 156 155 152 100  47  50 153 153 153 151 155 154 155
 151 153 156 155 155 153 153 103  77 152 153 155 151 153 152 150
 145 148 152 152 154 155 155 153 135 151 150 156 150 155 153 149
 147 150 151 149 147 149 149 149 152 148 144 149 149 150 150 147
 149 153 153 132  73 149 154 155 153 152 141  78 137 148 149 146
 147 148 136  58  79 153 154 154 153 153 151  53  62 142 151 155
 146 150  74  49  86 150 155 155 154 149 141  48  45  89 147 150
 148 122  50  45  78 152 153 151 154 149 106  46  41  53 145 153
 145  98  46  44  58 150 153 153 134 139  51  40  42  46 151 154
 145  90  43  43  44 113 148 147  80  97  42  40  41  55 147 156
 147 110  45  45  46  58 143 130  50  45  39  39  41  88 147 153
 147 141  48  43  44  44  76 108  45  42  43  47  45 136 147 149
 147 151  79  45  46  44  44  44  42  43  55 123  71 149 146 149
 144 147 129  48 115  49  41  38  41  47 118 146 119 149 151 149
 147 151 148  90 131  92  43  40  40  69 146 146 144 148 147 153
 141 147 149 144 137 131  51  44  43 116 143 146 147 147 147 148
 141 146 148 144 145 142  95  46  48 139 144 145 148 146 147 152
 140 143 145 145 147 146 140  93  73 141 148 145 146 148 146 144
 138 139 147 145 148 146 141 144 132 142 144 145 142 144 143 143

 144 154 159 156 154 149 151 148 146 148 140 141 142 143 139 137
 156 157 156 153 159 156 151 148 150 150 151 149 148 146 144 139
 157 158 154 102  60  54  62  93 143 149 152 149 149 148 144 140
 156 150  73  47  45  42  43  44  49  73 121 148 149 145 146 143
 157  90  60  51  47  42  41  41  50 121 144 146 147 146 143 142
 149 145 161 143 105  53  42  39  42  58 124 143 145 143 143 141
 158 160 160 156 156 140  93  45  41  41  45  72 120 141 139 134
 160 164 161 161 160 138  85  48  45  39  39  41  45  52  75 130
 158 164 162 165 163 159 148 126 100  44  40  38  41  47  93 136
 157 164 162 163 164 159 155 141  77  43  42  42  50  95 140 136
 153 158 160 158 158 155 119  59  44  43  55  86 126 145 142 144
 152  85  86  90  81  59  49  44  41  45 115 129 137 146 145 142
 155 140  65  50  45  46  44  42  44  44  53  91 145 147 146 141
 158 162 141  82  53  47  45  45  48  75 132 148 147 148 144 142
 158 162 161 153 127  99  91 108 137 150 151 151 147 146 145 135
 152 157 157 153 155 154 147 144 148 148 149 145 141 142 138 126
 151 156 163 163 161 162 158 157 156 160 156 157 157 155 150 149
 158 162 159 155 162 164 158 155 156 155 155 153 153 154 152 153
 160 162 155  99  55  53  63  93 145 155 157 155 154 155 153 155
 160 150  69  49  47  46  45  45  53  76 122 154 153 151 151 150
 158  84  57  52  50  47  45  45  53 132 154 152 152 153 155 156
 150 150 166 150 112  53  47  46  45  59 126 153 152 153 153 150
 159 164 164 163 160 148  99  48  46  45  47  74 122 153 152 151
 161 166 166 166 164 141  80  51  47  46  43  46  46  50  77 135
 161 165 167 166 165 163 154 135 109  49  43  44  44  47 103 153
 161 168 166 165 164 165 162 154  82  44  46  46  53 100 153 155
 155 161 162 163 164 160 123  63  46  45  54  92 135 152 153 155
 156  86  84  89  85  61  48  47  46  48 122 138 145 155 155 154
 159 145  62  52  48  50  47  46  43  46  52  97 153 156 155 152
 161 164 145  83  53  50  46  48  50  80 140 156 158 153 156 152
 160 167 168 163 131 101  98 116 145 158 157 156 156 157 153 148
 158 164 164 162 160 160 159 158 155 154 156 151 153 153 151 145
 147 146 155 150 153 154 156 153 149 149 149 153 148 152 144 143
 150 149 151 147 145 151 147 147 147 146 151 147 147 147 146 143
 150 148 142  89  53  46  55  88 136 149 149 148 147 146 148 144
 149 137  62  45  41  42  41  41  45  71 119 144 147 148 146 142
 149  78  53  48  46  40  40  39  47 123 146 146 146 145 145 145
 144 141 151 141 106  51  42  39  43  55 118 146 143 144 148 144
 148 152 153 149 149 139  97  45  42  43  47  69 116 139 141 142
 152 153 153 154 154 134  80  50  45  42  41  40  43  48  73 132
 149 155 154 155 151 153 147 130 108  44  38  40  44  46  93 144
 149 154 154 155 153 153 148 143  76  44  41  43  51  95 140 141
 149 149 153 150 152 150 113  58  44  44  49  92 131 142 146 146
 147  73  79  86  78  58  44  46  44  46 115 131 137 145 147 148
 149 132  58  49  45  44  43  45  43  45  48  90 144 144 145 145
 151 153 136  74  50  46  43  45  48  79 129 148 149 148 145 147
 150 153 148 150 122  98  90 110 141 151 147 151 147 146 143 139
 147 149 147 146 148 145 145 147 147 147 144 147 141 141 140 138

