 176 176 176 180 180 178 161 119 109 111 110 109 140 173 175 168
 187 187 186 188 186 181 117  50  42  45  50  75 177 182 185 176
 185 190 189 189 189 182  62  47  43  45  57 160 188 190 188 178
 188 192 192 192 192 139  54  45  44  51 126 188 191 192 192 182
 190 195 195 193 191  87  51  48  46  93 189 191 192 194 192 186
 196 195 194 194 166  57  50  48  53 157 169 173 188 193 193 189
 203 198 198 193 103  53  48  50  50  54  65 102 190 196 196 191
 200 200 199 190  67  59  51  49  48  52  83 187 199 200 198 192
 202 202 201 178 113 109  90  51  47  80 182 201 203 201 200 193
 200 205 203 202 200 199 148  65  78 177 201 204 205 203 202 198
 200 202 203 203 205 200  89  76 170 200 203 204 204 203 204 196
 205 204 204 204 203 163  74 164 203 205 204 205 207 206 204 199
 204 206 206 205 205 104 157 201 204 204 205 204 204 204 202 197
 201 207 207 204 171 153 201 205 205 207 208 208 208 209 206 200
 203 205 208 204 173 204 205 205 208 212 211 209 212 212 206 203
 209 209 210 209 211 214 214 210 216 216 215 218 215 213 211 204
 187 181 185 187 184 184 168 117 110 112 104 107 150 185 185 182
 193 190 192 191 191 188 124  54  50  53  51  76 187 193 192 187
 194 191 195 193 192 188  65  52  50  50  60 171 195 193 194 190
 200 195 196 196 194 142  52  49  49  51 133 196 197 197 196 192
 200 198 198 197 198  88  51  48  49  98 193 197 197 198 198 195
 198 199 197 197 169  58  50  49  56 163 170 168 189 198 197 192
 206 200 200 199 109  55  51  55  53  58  61 103 195 198 199 193
 205 203 200 190  66  59  53  58  50  55  83 192 203 202 200 195
 207 203 203 178 115 109  91  56  54  79 185 204 204 205 204 197
 205 203 205 203 200 200 151  64  77 185 204 205 206 205 205 200
 204 206 205 204 205 202  87  70 173 204 205 205 205 204 205 198
 209 204 206 206 205 156  71 167 204 207 206 205 205 205 205 198
 207 206 206 206 205  96 157 203 205 205 205 206 205 205 204 199
 206 205 206 205 162 152 204 205 204 206 207 209 208 208 209 203
 208 205 206 200 162 205 205 206 209 210 209 210 211 209 208 203
 213 207 209 208 210 213 213 211 216 214 214 215 211 215 213 207
 181 176 177 179 178 176 162 107 100 104 100  98 142 177 179 173
 194 183 182 186 185 181 113  52  47  48  50  76 179 182 182 177
 190 186 188 187 186 181  59  51  46  47  57 163 184 189 185 178
 194 190 190 189 188 138  50  47  48  52 130 191 188 190 190 182
 195 189 188 189 190  81  48  46  46  97 187 189 190 191 190 183
 194 193 192 190 163  51  48  47  53 148 159 156 183 192 191 188
 201 194 193 189 102  52  45  49  52  54  59  97 185 191 193 186
 197 193 193 181  61  55  50  51  47  50  83 183 192 192 193 187
 200 196 196 161 110 103  81  49  48  75 177 195 195 193 193 192
 199 195 194 193 192 188 142  59  73 176 196 196 194 193 193 190
 197 194 195 196 193 189  78  71 163 196 195 196 195 195 193 190
 200 196 195 195 193 152  68 162 192 196 195 196 195 195 193 191
 200 195 195 194 194  90 152 195 194 194 195 193 194 195 194 190
 199 195 196 194 154 146 194 193 195 196 194 195 197 198 195 190
 199 194 194 193 162 195 192 194 196 198 198 198 198 198 195 192
 206 200 198 197 195 198 201 203 207 203 202 204 198 201 201 198

 168 176 178 182 186 189 191 192 193 198 196 199 197 200 203 204
 175 185 188 192 192 193 196 198 200 202 204 204 202 206 206 211
 173 182 190 192 194 193 196 200 201 203 203 206 204 209 212 213
 140 177 188 191 192 188 190 199 203 205 204 207 204 208 212 215
 109  75 160 188 191 173 102 187 201 204 204 205 204 208 209 218
 110  50  57 126 189 169  65  83 182 201 203 204 205 208 211 215
 111  45  45  51  93 157  54  52  80 177 200 205 204 207 212 216
 109  42  43  44  46  53  50  48  47  78 170 203 204 205 208 216
 119  50  47  45  48  48  50  49  51  65  76 164 201 205 205 210
 161 117  62  54  51  50  48  51  90 148  89  74 157 201 205 214
 178 181 182 139  87  57  53  59 109 199 200 163 104 153 204 214
 180 186 189 192 191 166 103  67 113 200 205 203 205 171 173 211
 180 188 189 192 193 194 193 190 178 202 203 204 205 204 204 209
 176 186 189 192 195 194 198 199 201 203 203 204 206 207 208 210
 176 187 190 192 195 195 198 200 202 205 202 204 206 207 205 209
 176 187 185 188 190 196 203 200 202 200 200 205 204 201 203 209
 182 187 190 192 195 192 193 195 197 200 198 198 199 203 203 207
 185 192 194 196 198 197 199 200 204 205 205 205 204 209 208 213
 185 193 193 197 198 198 198 202 205 205 204 205 205 208 209 215
 150 187 195 197 197 189 195 203 204 206 205 205 205 208 211 211
 107  76 171 196 197 168 103 192 204 205 205 205 206 209 210 215
 104  51  60 133 193 170  61  83 185 204 205 206 205 207 209 214
 112  53  50  51  98 163  58  55  79 185 204 207 205 206 210 214
 110  50  50  49  49  56  53  50  54  77 173 204 205 204 209 216
 117  54  52  49  48  49  55  58  56  64  70 167 203 205 206 211
 168 124  65  52  51  50  51  53  91 151  87  71 157 204 205 213
 184 188 188 142  88  58  55  59 109 200 202 156  96 152 205 213
 184 191 192 194 198 169 109  66 115 200 205 205 205 162 162 210
 187 191 193 196 197 197 199 190 178 203 204 206 206 205 200 208
 185 192 195 196 198 197 200 200 203 205 205 206 206 206 206 209
 181 190 191 195 198 199 200 203 203 203 206 204 206 205 205 207
 187 193 194 200 200 198 206 205 207 205 204 209 207 206 208 213
 173 177 178 182 183 188 186 187 192 190 190 191 190 190 192 198
 179 182 185 190 190 191 193 193 193 193 193 193 194 195 195 201
 177 182 189 190 191 192 191 192 193 193 195 195 195 198 198 201
 142 179 184 188 190 183 185 192 195 194 195 195 194 197 198 198
  98  76 163 191 189 156  97 183 195 196 196 196 193 195 198 204
 100  50  57 130 187 159  59  83 177 196 195 195 195 194 198 202
 104  48  47  52  97 148  54  50  75 176 196 196 194 196 198 203
 100  47  46  48  46  53  52  47  48  73 163 192 194 195 196 207
 107  52  51  47  46  47  49  51  49  59  71 162 195 193 194 203
 162 113  59  50  48  48  45  50  81 142  78  68 152 194 192 201
 176 181 181 138  81  51  52  55 103 188 189 152  90 146 195 198
 178 185 186 188 190 163 102  61 110 192 193 193 194 154 162 195
 179 186 187 189 189 190 189 181 161 193 196 195 194 194 193 197
 177 182 188 190 188 192 193 193 196 194 195 195 195 196 194 198
 176 183 186 190 189 193 194 193 196 195 194 196 195 195 194 200
 181 194 190 194 195 194 201 197 200 199 197 200 200 199 199 206

 204 211 213 215 218 215 216 216 210 214 214 211 209 210 209 209
 203 206 212 212 209 211 212 208 205 205 204 173 204 208 205 203
 200 206 209 208 208 208 207 205 205 201 153 171 204 207 207 201
 197 202 204 204 204 205 204 204 201 157 104 205 205 206 206 204
 199 204 206 207 205 204 205 203 164  74 163 203 204 204 204 205
 196 204 203 204 204 203 200 170  76  89 200 205 203 203 202 200
 198 202 203 205 204 201 177  78  65 148 199 200 202 203 205 200
 193 200 201 203 201 182  80  47  51  90 109 113 178 201 202 202
 192 198 200 199 187  83  52  48  49  51  59  67 190 199 200 200
 191 196 196 190 102  65  54  50  50  48  53 103 193 198 198 203
 189 193 193 188 173 169 157  53  48  50  57 166 194 194 195 196
 186 192 194 192 191 189  93  46  48  51  87 191 193 195 195 190
 182 192 192 191 188 126  51  44  45  54 139 192 192 192 192 188
 178 188 190 188 160  57  45  43  47  62 182 189 189 189 190 185
 176 185 182 177  75  50  45  42  50 117 181 186 188 186 187 187
 168 175 173 140 109 110 111 109 119 161 178 180 180 176 176 176
 207 213 215 211 215 214 214 216 211 213 213 210 208 209 207 213
 203 208 209 211 210 209 210 209 206 205 205 162 200 206 205 208
 203 209 208 208 209 207 206 204 205 204 152 162 205 206 205 206
 199 204 205 205 206 205 205 205 203 157  96 205 206 206 206 207
 198 205 205 205 205 206 207 204 167  71 156 205 206 206 204 209
 198 205 204 205 205 205 204 173  70  87 202 205 204 205 206 204
 200 205 205 206 205 204 185  77  64 151 200 200 203 205 203 205
 197 204 205 204 204 185  79  54  56  91 109 115 178 203 203 207
 195 200 202 203 192  83  55  50  58  53  59  66 190 200 203 205
 193 199 198 195 103  61  58  53  55  51  55 109 199 200 200 206
 192 197 198 189 168 170 163  56  49  50  58 169 197 197 199 198
 195 198 198 197 197 193  98  49  48  51  88 198 197 198 198 200
 192 196 197 197 196 133  51  49  49  52 142 194 196 196 195 200
 190 194 193 195 171  60  50  50  52  65 188 192 193 195 191 194
 187 192 193 187  76  51  53  50  54 124 188 191 191 192 190 193
 182 185 185 150 107 104 112 110 117 168 184 184 187 185 181 187
 198 201 201 198 204 202 203 207 203 201 198 195 197 198 200 206
 192 195 198 198 198 198 198 196 194 192 195 162 193 194 194 199
 190 195 198 197 195 194 196 195 193 194 146 154 194 196 195 199
 190 194 195 194 193 195 194 194 195 152  90 194 194 195 195 200
 191 193 195 195 196 195 196 192 162  68 152 193 195 195 196 200
 190 193 195 195 196 195 196 163  71  78 189 193 196 195 194 197
 190 193 193 194 196 196 176  73  59 142 188 192 193 194 195 199
 192 193 193 195 195 177  75  48  49  81 103 110 161 196 196 200
 187 193 192 192 183  83  50  47  51  50  55  61 181 193 193 197
 186 193 191 185  97  59  54  52  49  45  52 102 189 193 194 201
 188 191 192 183 156 159 148  53  47  48  51 163 190 192 193 194
 183 190 191 190 189 187  97  46  46  48  81 190 189 188 189 195
 182 190 190 188 191 130  52  48  47  50 138 188 189 190 190 194
 178 185 189 184 163  57  47  46  51  59 181 186 187 188 186 190
 177 182 182 179  76  50  48  47  52 113 181 185 186 182 183 194
 173 179 177 142  98 100 104 100 107 162 176 178 179 177 176 181

 209 203 201 204 205 200 200 202 200 203 196 190 188 185 187 176
 209 205 207 206 204 202 205 202 200 198 195 195 192 190 187 176
 210 208 207 206 204 203 203 201 199 198 194 195 192 189 186 176
 209 204 204 205 204 203 202 178 190 193 194 193 192 189 188 180
 211 173 171 205 203 205 200 113  67 103 166 191 192 189 186 180
 214 204 153 104 163 200 199 109  59  53  57  87 139 182 181 178
 214 205 201 157  74  89 148  90  51  48  50  51  54  62 117 161
 210 205 205 201 164  76  65  51  49  50  48  48  45  47  50 119
 216 208 205 204 203 170  78  47  48  50  53  46  44  43  42 109
 216 212 207 204 205 200 177  80  52  54 157  93  51  45  45 111
 215 211 208 205 204 203 201 182  83  65 169 189 126  57  50 110
 218 209 208 204 205 204 204 201 187 102 173 191 188 160  75 109
 215 212 208 204 207 204 205 203 199 190 188 192 191 188 177 140
 213 212 209 204 206 203 203 201 200 196 193 194 192 190 182 173
 211 206 206 202 204 204 202 200 198 196 193 192 192 188 185 175
 204 203 200 197 199 196 198 193 192 191 189 186 182 178 176 168
 213 208 206 207 209 204 205 207 205 206 198 200 200 194 193 187
 207 205 205 206 204 206 203 203 203 200 199 198 195 191 190 181
 209 206 206 206 206 205 205 203 200 200 197 198 196 195 192 185
 208 200 205 206 206 204 203 178 190 199 197 197 196 193 191 187
 210 162 162 205 205 205 200 115  66 109 169 198 194 192 191 184
 213 205 152  96 156 202 200 109  59  55  58  88 142 188 188 184
 213 205 204 157  71  87 151  91  53  51  50  51  52  65 124 168
 211 206 205 203 167  70  64  56  58  55  49  48  49  52  54 117
 216 209 204 205 204 173  77  54  50  53  56  49  49  50  50 110
 214 210 206 205 207 204 185  79  55  58 163  98  51  50  53 112
 214 209 207 205 206 205 204 185  83  61 170 193 133  60  51 104
 215 210 209 206 205 205 205 204 192 103 168 197 196 171  76 107
 211 211 208 205 205 205 206 204 203 195 189 197 197 195 187 150
 215 209 208 205 205 204 205 205 202 198 198 198 197 193 193 185
 213 208 209 204 205 205 205 204 200 199 197 198 196 194 192 185
 207 203 203 199 198 198 200 197 195 193 192 195 192 190 187 182
 206 199 199 200 200 197 199 200 197 201 194 195 194 190 194 181
 200 194 195 195 196 194 195 196 193 194 193 189 190 186 183 176
 198 194 196 195 195 195 194 196 193 193 192 188 190 188 182 177
 197 193 194 194 195 196 193 161 181 189 190 189 189 187 186 179
 195 162 154 194 193 193 192 110  61 102 163 190 188 186 185 178
 198 195 146  90 152 189 188 103  55  52  51  81 138 181 181 176
 201 192 194 152  68  78 142  81  50  45  48  48  50  59 113 162
 203 194 193 195 162  71  59  49  51  49  47  46  47  51  52 107
 207 196 195 194 192 163  73  48  47  52  53  46  48  46  47 100
 203 198 196 194 196 196 176  75  50  54 148  97  52  47  48 104
 202 198 194 195 195 195 196 177  83  59 159 187 130  57  50 100
 204 198 195 193 196 196 196 195 183  97 156 189 191 163  76  98
 198 198 197 194 195 195 194 195 192 185 183 190 188 184 179 142
 201 198 198 195 195 195 193 193 192 191 192 191 190 189 182 177
 201 195 195 194 193 193 193 193 193 193 191 190 190 185 182 179
 198 192 190 190 191 190 190 192 187 186 188 183 182 178 177 173

