 129 129 133 135 138 135 140 133 130 134 136 138 137 135 134 126
 130 138 140 142 143 141 141 142 143 143 143 142 145 141 137 134
 134 140 144 145 147 145 145 147 145 145 146 147 146 145 139 135
 138 143 146 146 147 148 149 149 148 148 148 148 150 148 143 138
 129 145 146 146 149 148 147 144 150 151 150 149 151 149 146 141
 127 146 149 149 146 149 147 147 149 150 149 148 150 150 149 141
 131 147 152 152 148 148 150 126  80 134 148 152 149 152 149 141
 133 149 151 154 151 135 132  99  47  98 147 153 151 150 151 148
 138 152 153 143 127 140 125  47  43  58 141 144 116 139 155 149
 140 149 142 142 153 152  73  43  42  47  91 147 105  89 155 149
 142 149 154 157 158 146  49  44  44  42  51 126 126  54 123 150
 143 157 159 160 162 156  99  77  83  79  79  82 114  86  81 134
 150 160 160 160 162 161 161 159 161 160 159 160 157 159 161 157
 149 158 162 164 162 163 165 165 168 165 165 167 164 163 162 157
 154 159 160 161 164 165 162 163 165 161 164 165 164 163 163 158
 147 161 160 158 162 158 160 158 161 159 162 160 159 155 162 158
 144 140 142 149 150 143 151 148 146 147 153 151 153 150 151 147
 149 150 152 152 150 153 153 150 150 152 154 154 154 154 151 150
 151 153 151 153 152 154 155 153 153 155 156 156 155 154 155 148
 153 154 156 156 160 157 157 158 158 157 157 157 156 156 157 150
 143 155 156 157 157 157 158 158 158 156 156 157 157 156 155 153
 143 156 156 156 156 158 157 158 157 155 157 159 157 159 158 151
 144 155 156 157 156 157 155 132  81 146 159 158 159 158 157 152
 146 155 158 158 157 136 131  98  48 104 159 159 159 162 159 156
 144 155 159 147 128 149 130  48  44  59 148 150 118 143 159 158
 154 153 138 142 158 158  74  44  43  46  97 157 117  89 162 157
 152 153 160 162 163 150  50  45  48  45  51 132 131  54 128 158
 154 162 164 163 164 161  99  74  82  85  81  81 117  82  79 139
 157 164 164 163 166 165 165 164 163 164 165 167 166 165 167 163
 158 162 163 164 165 167 167 166 165 166 165 166 168 167 166 160
 156 160 163 163 163 164 166 165 165 166 166 167 168 166 165 159
 157 159 160 158 162 161 163 162 165 163 165 165 166 164 165 162
 136 135 138 144 145 139 143 144 140 140 148 144 144 144 144 139
 148 145 144 146 147 147 147 147 147 149 147 146 148 144 144 142
 146 147 147 147 148 148 146 149 150 151 150 149 148 148 147 140
 148 149 150 149 150 150 149 150 152 151 150 149 150 152 148 142
 140 148 151 150 149 151 151 151 151 150 151 150 149 150 147 140
 136 147 151 151 151 150 151 151 151 151 153 150 150 151 149 146
 137 146 148 151 150 148 148 119  73 138 150 153 153 154 152 147
 142 149 148 150 150 127 126  94  45 103 150 152 150 147 152 148
 136 150 151 142 123 141 123  46  42  57 139 140 115 134 152 151
 142 147 132 135 151 150  71  40  42  45  93 144 111  83 149 146
 142 147 151 152 152 140  47  44  41  42  50 123 125  50 124 149
 146 153 151 155 155 153  94  72  77  77  76  81 110  80  77 130
 147 153 155 157 158 158 156 156 156 156 153 155 154 156 155 153
 146 152 155 157 158 157 156 156 158 159 157 160 158 157 156 153
 150 151 152 156 158 157 156 156 157 155 152 155 156 157 154 150
 147 153 151 150 154 157 156 152 158 156 155 154 152 154 155 151

 126 134 135 138 141 141 141 148 149 149 150 134 157 157 158 158
 134 137 139 143 146 149 149 151 155 155 123  81 161 162 163 162
 135 141 145 148 149 150 152 150 139  89  54  86 159 163 163 155
 137 145 146 150 151 150 149 151 116 105 126 114 157 164 164 159
 138 142 147 148 149 148 152 153 144 147 126  82 160 167 165 160
 136 143 146 148 150 149 148 147 141  91  51  79 159 165 164 162
 134 143 145 148 151 150 134  98  58  47  42  79 160 165 161 159
 130 143 145 148 150 149  80  47  43  42  44  83 161 168 165 161
 133 142 147 149 144 147 126  99  47  43  44  77 159 165 163 158
 140 141 145 149 147 147 150 132 125  73  49  99 161 165 162 160
 135 141 145 148 148 149 148 135 140 152 146 156 161 163 165 158
 138 143 147 147 149 146 148 151 127 153 158 162 162 162 164 162
 135 142 145 146 146 149 152 154 143 142 157 160 160 164 161 158
 133 140 144 146 146 149 152 151 153 142 154 159 160 162 160 160
 129 138 140 143 145 146 147 149 152 149 149 157 160 158 159 161
 129 130 134 138 129 127 131 133 138 140 142 143 150 149 154 147
 147 150 148 150 153 151 152 156 158 157 158 139 163 160 159 162
 151 151 155 157 155 158 157 159 159 162 128  79 167 166 165 165
 150 154 154 156 156 159 158 162 143  89  54  82 165 167 166 164
 153 154 155 156 157 157 159 159 118 117 131 117 166 168 168 166
 151 154 156 157 157 159 158 159 150 157 132  81 167 166 167 165
 153 154 156 157 156 157 159 159 148  97  51  81 165 165 166 165
 147 152 155 157 156 155 146 104  59  46  45  85 164 166 166 163
 146 150 153 158 158 157  81  48  44  43  48  82 163 165 165 165
 148 150 153 158 158 158 132  98  48  44  45  74 164 166 165 162
 151 153 155 157 158 157 155 131 130  74  50  99 165 167 166 163
 143 153 154 157 157 158 157 136 149 158 150 161 165 167 164 161
 150 150 152 160 157 156 156 157 128 158 163 164 166 165 163 162
 149 152 153 156 157 156 157 158 147 142 162 163 163 164 163 158
 142 152 151 156 156 156 156 158 159 138 160 164 164 163 163 160
 140 150 153 154 155 156 155 155 155 153 153 162 164 162 160 159
 144 149 151 153 143 143 144 146 144 154 152 154 157 158 156 157
 139 142 140 142 140 146 147 148 151 146 149 130 153 153 150 151
 144 144 147 148 147 149 152 152 152 149 124  77 155 156 154 155
 144 144 148 152 150 151 154 147 134  83  50  80 156 157 157 154
 144 148 148 150 149 150 153 150 115 111 125 110 154 158 156 152
 144 146 149 149 150 150 153 152 140 144 123  81 155 160 155 154
 148 147 150 150 151 153 150 150 139  93  50  76 153 157 152 155
 140 149 151 151 150 151 138 103  57  45  42  77 156 159 155 156
 140 147 150 152 151 151  73  45  42  42  41  77 156 158 157 158
 144 147 149 150 151 151 119  94  46  40  44  72 156 156 156 152
 143 147 146 149 151 151 148 126 123  71  47  94 156 156 156 156
 139 147 148 150 151 150 148 127 141 150 140 153 158 157 157 157
 145 147 148 150 149 151 150 150 123 151 152 155 158 158 158 154
 144 146 147 149 150 151 151 150 142 135 152 155 157 157 156 150
 138 144 147 150 151 151 148 148 151 132 151 151 155 155 152 151
 135 145 147 149 148 147 146 149 150 147 147 153 153 152 151 153
 136 148 146 148 140 136 137 142 136 142 142 146 147 146 150 147

 158 162 155 159 160 162 159 161 158 160 158 162 158 160 161 147
 158 163 163 164 165 164 161 165 163 162 165 164 161 160 159 154
 157 162 163 164 167 165 165 168 165 165 163 162 164 162 158 149
 157 161 159 157 160 159 160 161 159 161 161 162 160 160 160 150
 134  81  86 114  82  79  79  83  77  99 156 162 160 159 157 143
 150 123  54 126 126  51  42  44  44  49 146 158 157 154 149 142
 149 155  89 105 147  91  47  42  43  73 152 153 142 142 149 140
 149 155 139 116 144 141  58  43  47 125 140 127 143 153 152 138
 148 151 150 151 153 147  98  47  99 132 135 151 154 151 149 133
 141 149 152 149 152 148 134  80 126 150 148 148 152 152 147 131
 141 149 150 150 148 149 150 149 147 147 149 146 149 149 146 127
 141 146 149 151 149 150 151 150 144 147 148 149 146 146 145 129
 138 143 148 150 148 148 148 148 149 149 148 147 146 146 143 138
 135 139 145 146 147 146 145 145 147 145 145 147 145 144 140 134
 134 137 141 145 142 143 143 143 142 141 141 143 142 140 138 130
 126 134 135 137 138 136 134 130 133 140 135 138 135 133 129 129
 162 165 164 166 165 165 163 165 162 163 161 162 158 160 159 157
 159 165 166 168 167 166 166 165 165 166 164 163 163 163 160 156
 160 166 167 168 166 165 166 165 166 167 167 165 164 163 162 158
 163 167 165 166 167 165 164 163 164 165 165 166 163 164 164 157
 139  79  82 117  81  81  85  82  74  99 161 164 163 164 162 154
 158 128  54 131 132  51  45  48  45  50 150 163 162 160 153 152
 157 162  89 117 157  97  46  43  44  74 158 158 142 138 153 154
 158 159 143 118 150 148  59  44  48 130 149 128 147 159 155 144
 156 159 162 159 159 159 104  48  98 131 136 157 158 158 155 146
 152 157 158 159 158 159 146  81 132 155 157 156 157 156 155 144
 151 158 159 157 159 157 155 157 158 157 158 156 156 156 156 143
 153 155 156 157 157 156 156 158 158 158 157 157 157 156 155 143
 150 157 156 156 157 157 157 158 158 157 157 160 156 156 154 153
 148 155 154 155 156 156 155 153 153 155 154 152 153 151 153 151
 150 151 154 154 154 154 152 150 150 153 153 150 152 152 150 149
 147 151 150 153 151 153 147 146 148 151 143 150 149 142 140 144
 151 155 154 152 154 155 156 158 152 156 157 154 150 151 153 147
 150 154 157 156 155 152 155 157 156 156 157 158 156 152 151 150
 153 156 157 158 160 157 159 158 156 156 157 158 157 155 152 146
 153 155 156 154 155 153 156 156 156 156 158 158 157 155 153 147
 130  77  80 110  81  76  77  77  72  94 153 155 155 151 153 146
 149 124  50 125 123  50  42  41  44  47 140 152 152 151 147 142
 146 149  83 111 144  93  45  42  40  71 150 151 135 132 147 142
 151 152 134 115 140 139  57  42  46 123 141 123 142 151 150 136
 148 152 147 150 152 150 103  45  94 126 127 150 150 148 149 142
 147 152 154 153 153 150 138  73 119 148 148 150 151 148 146 137
 146 149 151 150 150 153 151 151 151 151 150 151 151 151 147 136
 140 147 150 149 150 151 150 151 151 151 151 149 150 151 148 140
 142 148 152 150 149 150 151 152 150 149 150 150 149 150 149 148
 140 147 148 148 149 150 151 150 149 146 148 148 147 147 147 146
 142 144 144 148 146 147 149 147 147 147 147 147 146 144 145 148
 139 144 144 144 144 148 140 140 144 143 139 145 144 138 135 136

 147 154 149 150 143 142 140 138 133 131 127 129 138 134 130 129
 161 159 158 160 157 149 149 152 149 147 146 145 143 140 138 129
 160 160 162 160 159 154 142 153 151 152 149 146 146 144 140 133
 158 161 164 160 160 157 142 143 154 152 149 146 146 145 142 135
 162 164 162 162 162 158 153 127 151 148 146 149 147 147 143 138
 158 165 163 161 156 146 152 140 135 148 149 148 148 145 141 135
 160 162 165 161  99  49  73 125 132 150 147 147 149 145 141 140
 158 163 165 159  77  44  43  47  99 126 147 144 149 147 142 133
 161 165 168 161  83  44  42  43  47  80 149 150 148 145 143 130
 159 161 165 160  79  42  47  58  98 134 150 151 148 145 143 134
 162 164 165 159  79  51  91 141 147 148 149 150 148 146 143 136
 160 165 167 160  82 126 147 144 153 152 148 149 148 147 142 138
 159 164 164 157 114 126 105 116 151 149 150 151 150 146 145 137
 155 163 163 159  86  54  89 139 150 152 150 149 148 145 141 135
 162 163 162 161  81 123 155 155 151 149 149 146 143 139 137 134
 158 158 157 157 134 150 149 149 148 141 141 141 138 135 134 126
 157 156 158 157 154 152 154 144 146 144 143 143 153 151 149 144
 159 160 162 164 162 153 153 155 155 155 156 155 154 153 150 140
 160 163 163 164 164 160 138 159 158 156 156 156 156 151 152 142
 158 163 164 163 163 162 142 147 158 157 156 157 156 153 152 149
 162 163 165 166 164 163 158 128 157 156 156 157 160 152 150 150
 161 164 167 165 161 150 158 149 136 157 158 157 157 154 153 143
 163 166 167 165  99  50  74 130 131 155 157 158 157 155 153 151
 162 165 166 164  74  45  44  48  98 132 158 158 158 153 150 148
 165 165 165 163  82  48  43  44  48  81 157 158 158 153 150 146
 163 166 166 164  85  45  46  59 104 146 155 156 157 155 152 147
 165 166 165 165  81  51  97 148 159 159 157 156 157 156 154 153
 165 167 166 167  81 132 157 150 159 158 159 157 157 156 154 151
 166 168 168 166 117 131 117 118 159 159 157 157 156 155 154 153
 164 166 167 165  82  54  89 143 162 158 159 156 156 154 154 150
 165 165 166 167  79 128 162 159 159 157 158 155 157 155 151 151
 162 159 160 163 139 158 157 158 156 152 151 153 150 148 150 147
 147 150 146 147 146 142 142 136 142 137 136 140 148 146 148 136
 153 151 152 153 153 147 147 150 149 146 147 148 149 147 145 135
 151 152 155 155 151 151 132 151 148 148 151 151 150 147 144 138
 150 156 157 157 155 152 135 142 150 151 151 150 149 147 146 144
 154 158 158 158 155 152 151 123 150 150 151 149 150 148 147 145
 157 157 157 158 153 140 150 141 127 148 150 151 150 148 147 139
 156 156 156 156  94  47  71 123 126 148 151 151 149 146 147 143
 152 156 156 156  72  44  40  46  94 119 151 151 150 149 147 144
 158 157 158 156  77  41  42  42  45  73 151 151 152 150 147 140
 156 155 159 156  77  42  45  57 103 138 151 150 151 151 149 140
 155 152 157 153  76  50  93 139 150 150 153 151 150 150 147 148
 154 155 160 155  81 123 144 140 152 153 150 150 149 149 146 144
 152 156 158 154 110 125 111 115 150 153 150 149 150 148 148 144
 154 157 157 156  80  50  83 134 147 154 151 150 152 148 144 144
 155 154 156 155  77 124 149 152 152 152 149 147 148 147 144 144
 151 150 153 153 130 149 146 151 148 147 146 140 142 140 142 139

