 126 123 127 132 127 131 135 133 131 133 130 131 134 130 130 122
 130 133 134 137 138 136 138 136 138 137 137 134 134 132 133 127
 140 138 142 141 140 138 139 121 123 139 137 140 139 138 139 130
 134 138 140 139 139 142 135  61  57 133 137 138 139 138 138 133
 134 142 142 139 138 138  83  48  41  78 136 138 144 146 142 132
 132 141 142 142 141 120  43  72  36  42 106 141 143 144 142 137
 131 141 144 147 138  67  93  43  33  35  53 137 143 147 144 134
 129 143 145 145 116  55 111  35  33  35  40 103 146 145 144 138
 124 143 150 146  84  97  94  36  32  35  34  55 144 152 147 140
 139 149 150 147  70 132  87  33  34  34  34  42 133 151 148 143
 146 150 151 146  82 125  88  36  32  34  34  41 131 149 152 144
 136 152 150 149 114  75 108  40  34  36  40  69 152 156 153 145
 139 155 155 156 155  91  62  36  37  40  57 132 153 161 154 149
 137 156 157 156 154 153 120  98  88 107 143 154 155 155 155 150
 132 152 155 157 157 155 154 153 155 157 158 157 156 156 159 153
 135 157 151 156 155 154 150 151 157 157 159 160 154 157 156 155
 139 142 144 142 141 145 143 142 143 145 144 152 148 147 146 146
 148 145 143 144 146 145 145 144 143 146 147 149 148 146 145 142
 148 143 144 146 146 147 147 130 121 143 147 147 147 146 147 141
 149 144 143 144 147 145 139  63  53 140 146 146 150 146 146 142
 146 145 146 143 145 145  87  49  40  81 146 147 148 149 147 144
 144 147 146 144 146 121  47  80  38  42 116 148 148 148 148 144
 142 148 146 147 148  65 102  49  35  37  56 144 149 149 147 146
 138 148 146 147 122  57 118  37  35  36  42 107 149 153 150 147
 138 150 146 148  84 104 102  37  36  36  36  61 151 152 151 146
 150 151 150 148  68 133  86  37  36  36  38  43 142 153 153 149
 152 152 151 151  73 125  93  38  36  37  38  45 149 154 153 149
 149 152 154 151 105  75 115  42  39  38  40  71 154 155 154 150
 142 154 154 155 152  85  59  43  42  43  59 140 157 159 155 151
 139 153 156 155 156 153 116  90  87 110 147 158 157 157 154 152
 140 153 153 154 155 155 155 155 153 155 157 155 157 156 155 150
 136 158 155 152 156 155 156 154 153 157 158 155 153 155 156 152
 176 173 172 176 176 174 171 172 172 177 173 170 175 173 175 176
 174 174 177 175 176 173 173 174 173 175 175 172 174 175 173 165
 182 177 175 175 174 174 171 154 148 176 179 177 176 175 172 171
 177 177 178 180 174 175 168  72  74 167 180 182 177 179 177 172
 177 174 175 179 179 174 102  63  48 102 176 180 175 174 177 171
 178 176 176 176 176 143  61  96  45  53 145 176 177 176 178 172
 174 175 178 176 175  85 126  54  44  45  74 175 178 178 175 170
 167 176 179 177 139  78 136  45  44  44  49 130 174 173 176 170
 171 178 177 173  94 132 113  42  41  43  44  74 177 177 178 172
 178 176 178 177  81 167  94  41  42  44  45  54 171 177 178 170
 180 178 179 176  86 151 102  44  41  42  46  56 170 178 175 174
 177 178 180 180 121  95 133  50  45  46  53  93 175 180 179 176
 173 177 180 179 169  96  67  50  46  49  73 162 177 179 178 172
 171 176 174 176 175 178 133 104 107 126 165 174 177 178 175 171
 165 175 173 175 174 175 174 175 175 175 176 177 175 177 176 172
 163 177 173 174 175 178 175 173 176 177 177 177 173 178 176 174

 122 127 130 133 132 137 134 138 140 143 144 145 149 150 153 155
 130 133 139 138 142 142 144 144 147 148 152 153 154 155 159 156
 130 132 138 138 146 144 147 145 152 151 149 156 161 155 156 157
 134 134 139 139 144 143 143 146 144 133 131 152 153 155 156 154
 131 134 140 138 138 141 137 103  55  42  41  69 132 154 157 160
 130 137 137 137 136 106  53  40  34  34  34  40  57 143 158 159
 133 137 139 133  78  42  35  35  35  34  34  36  40 107 157 157
 131 138 123  57  41  36  33  33  32  34  32  34  37  88 155 157
 133 136 121  61  48  72  43  35  36  33  36  40  36  98 153 151
 135 138 139 135  83  43  93 111  94  87  88 108  62 120 154 150
 131 136 138 142 138 120  67  55  97 132 125  75  91 153 155 154
 127 138 140 139 138 141 138 116  84  70  82 114 155 154 157 155
 132 137 141 139 139 142 147 145 146 147 146 149 156 156 157 156
 127 134 142 140 142 142 144 145 150 150 151 150 155 157 155 151
 123 133 138 138 142 141 141 143 143 149 150 152 155 156 152 157
 126 130 140 134 134 132 131 129 124 139 146 136 139 137 132 135
 146 142 141 142 144 144 146 147 146 149 149 150 151 152 150 152
 146 145 147 146 147 148 147 150 151 153 153 154 155 154 155 156
 147 146 146 146 149 148 149 153 152 153 154 155 159 157 156 155
 148 148 147 150 148 148 149 149 151 142 149 154 157 157 157 153
 152 149 147 146 147 148 144 107  61  43  45  71 140 158 155 155
 144 147 147 146 146 116  56  42  36  38  38  40  59 147 157 158
 145 146 143 140  81  42  37  36  36  36  37  38  43 110 155 157
 143 143 121  53  40  38  35  35  36  36  36  39  42  87 153 153
 142 144 130  63  49  80  49  37  37  37  38  42  43  90 155 154
 143 145 147 139  87  47 102 118 102  86  93 115  59 116 155 156
 145 145 147 145 145 121  65  57 104 133 125  75  85 153 155 155
 141 146 146 147 145 146 148 122  84  68  73 105 152 156 155 156
 142 144 146 144 143 144 147 147 148 148 151 151 155 155 154 152
 144 143 144 143 146 146 146 146 146 150 151 154 154 156 153 155
 142 145 143 144 145 147 148 148 150 151 152 152 154 153 153 158
 139 148 148 149 146 144 142 138 138 150 152 149 142 139 140 136
 176 165 171 172 171 172 170 170 172 170 174 176 172 171 172 174
 175 173 172 177 177 178 175 176 178 178 175 179 178 175 176 176
 173 175 175 179 174 176 178 173 177 177 178 180 179 178 177 178
 175 174 176 177 175 177 178 174 177 171 170 175 177 177 175 173
 170 172 177 182 180 176 175 130  74  54  56  93 162 174 177 177
 173 175 179 180 176 145  74  49  44  45  46  53  73 165 176 177
 177 175 176 167 102  53  45  44  43  44  42  46  49 126 175 177
 172 173 148  74  48  45  44  44  41  42  41  45  46 107 175 176
 172 174 154  72  63  96  54  45  42  41  44  50  50 104 175 173
 171 173 171 168 102  61 126 136 113  94 102 133  67 133 174 175
 174 173 174 175 174 143  85  78 132 167 151  95  96 178 175 178
 176 176 174 174 179 176 175 139  94  81  86 121 169 175 174 175
 176 175 175 180 179 176 176 177 173 177 176 180 179 176 175 174
 172 177 175 178 175 176 178 179 177 178 179 180 180 174 173 173
 173 174 177 177 174 176 175 176 178 176 178 178 177 176 175 177
 176 174 182 177 177 178 174 167 171 178 180 177 173 171 165 163

 155 156 157 154 160 159 157 157 151 150 154 155 156 151 157 135
 153 159 156 156 157 158 157 155 153 154 155 157 157 155 152 132
 150 155 155 155 154 143 107  88  98 120 153 154 156 157 156 137
 149 154 161 153 132  57  40  37  36  62  91 155 156 155 155 139
 145 153 156 152  69  40  36  34  40 108  75 114 149 150 152 136
 144 152 149 131  41  34  34  32  36  88 125  82 146 151 150 146
 143 148 151 133  42  34  34  34  33  87 132  70 147 150 149 139
 140 147 152 144  55  34  35  32  36  94  97  84 146 150 143 124
 138 144 145 146 103  40  35  33  35 111  55 116 145 145 143 129
 134 144 147 143 137  53  35  33  43  93  67 138 147 144 141 131
 137 142 144 143 141 106  42  36  72  43 120 141 142 142 141 132
 132 142 146 144 138 136  78  41  48  83 138 138 139 142 142 134
 133 138 138 139 138 137 133  57  61 135 142 139 139 140 138 134
 130 139 138 139 140 137 139 123 121 139 138 140 141 142 138 140
 127 133 132 134 134 137 137 138 136 138 136 138 137 134 133 130
 122 130 130 134 131 130 133 131 133 135 131 127 132 127 123 126
 152 156 155 153 155 158 157 153 154 156 155 156 152 155 158 136
 150 155 156 157 155 157 155 153 155 155 155 155 154 153 153 140
 152 154 157 157 158 147 110  87  90 116 153 156 155 156 153 139
 151 155 159 157 140  59  43  42  43  59  85 152 155 154 154 142
 150 154 155 154  71  40  38  39  42 115  75 105 151 154 152 149
 149 153 154 149  45  38  37  36  38  93 125  73 151 151 152 152
 149 153 153 142  43  38  36  36  37  86 133  68 148 150 151 150
 146 151 152 151  61  36  36  36  37 102 104  84 148 146 150 138
 147 150 153 149 107  42  36  35  37 118  57 122 147 146 148 138
 146 147 149 149 144  56  37  35  49 102  65 148 147 146 148 142
 144 148 148 148 148 116  42  38  80  47 121 146 144 146 147 144
 144 147 149 148 147 146  81  40  49  87 145 145 143 146 145 146
 142 146 146 150 146 146 140  53  63 139 145 147 144 143 144 149
 141 147 146 147 147 147 143 121 130 147 147 146 146 144 143 148
 142 145 146 148 149 147 146 143 144 145 145 146 144 143 145 148
 146 146 147 148 152 144 145 143 142 143 145 141 142 144 142 139
 174 176 178 173 177 177 177 176 173 175 178 175 174 173 177 163
 172 176 177 175 177 176 175 175 175 174 175 174 175 173 175 165
 171 175 178 177 174 165 126 107 104 133 178 175 176 174 176 171
 172 178 179 177 162  73  49  46  50  67  96 169 179 180 177 173
 176 179 180 175  93  53  46  45  50 133  95 121 180 180 178 177
 174 175 178 170  56  46  42  41  44 102 151  86 176 179 178 180
 170 178 177 171  54  45  44  42  41  94 167  81 177 178 176 178
 172 178 177 177  74  44  43  41  42 113 132  94 173 177 178 171
 170 176 173 174 130  49  44  44  45 136  78 139 177 179 176 167
 170 175 178 178 175  74  45  44  54 126  85 175 176 178 175 174
 172 178 176 177 176 145  53  45  96  61 143 176 176 176 176 178
 171 177 174 175 180 176 102  48  63 102 174 179 179 175 174 177
 172 177 179 177 182 180 167  74  72 168 175 174 180 178 177 177
 171 172 175 176 177 179 176 148 154 171 174 174 175 175 177 182
 165 173 175 174 172 175 175 173 174 173 173 176 175 177 174 174
 176 175 173 175 170 173 177 172 172 171 174 176 176 172 173 176

 135 132 137 139 136 146 139 124 129 131 132 134 134 140 130 126
 157 152 156 155 152 150 149 143 143 141 141 142 138 138 133 123
 151 155 157 155 150 151 150 150 145 144 142 142 140 142 134 127
 156 157 156 156 149 146 147 146 145 147 142 139 139 141 137 132
 155 157 154 155 114  82  70  84 116 138 141 138 139 140 138 127
 154 155 153  91  75 125 132  97  55  67 120 138 142 138 136 131
 150 154 120  62 108  88  87  94 111  93  43  83 135 139 138 135
 151 153  98  36  40  36  33  36  35  43  72  48  61 121 136 133
 157 155  88  37  34  32  34  32  33  33  36  41  57 123 138 131
 157 157 107  40  36  34  34  35  35  35  42  78 133 139 137 133
 159 158 143  57  40  34  34  34  40  53 106 136 137 137 137 130
 160 157 154 132  69  41  42  55 103 137 141 138 138 140 134 131
 154 156 155 153 152 131 133 144 146 143 143 144 139 139 134 134
 157 156 155 161 156 149 151 152 145 147 144 146 138 138 132 130
 156 159 155 154 153 152 148 147 144 144 142 142 138 139 133 130
 155 153 150 149 145 144 143 140 138 134 137 132 133 130 127 122
 136 140 139 142 149 152 150 138 138 142 144 146 149 148 148 139
 158 153 153 154 152 152 151 150 148 148 147 145 144 143 145 142
 155 153 156 154 154 151 150 146 146 146 146 146 143 144 143 144
 152 154 155 155 151 151 148 148 147 147 144 143 144 146 144 142
 156 155 156 152 105  73  68  84 122 148 146 145 147 146 146 141
 155 155 153  85  75 125 133 104  57  65 121 145 145 147 145 145
 156 155 116  59 115  93  86 102 118 102  47  87 139 147 145 143
 154 155  90  43  42  38  37  37  37  49  80  49  63 130 144 142
 153 153  87  42  39  36  36  36  35  35  38  40  53 121 143 143
 157 155 110  43  38  37  36  36  36  37  42  81 140 143 146 145
 158 157 147  59  40  38  38  36  42  56 116 146 146 147 147 144
 155 155 158 140  71  45  43  61 107 144 148 147 146 147 149 152
 153 157 157 157 154 149 142 151 149 149 148 148 150 147 148 148
 155 156 157 159 155 154 153 152 153 149 148 149 146 146 146 147
 156 155 154 155 154 153 153 151 150 147 148 147 146 147 145 146
 152 150 152 151 150 149 149 146 147 146 144 144 142 141 142 146
 163 165 171 173 177 180 178 171 167 174 178 177 177 182 174 176
 177 175 176 177 178 178 176 178 176 175 176 174 177 177 174 173
 173 173 174 180 180 179 178 177 179 178 176 175 178 175 177 172
 174 175 176 179 180 176 177 173 177 176 176 179 180 175 175 176
 175 174 175 169 121  86  81  94 139 175 176 179 174 174 176 176
 178 175 178  96  95 151 167 132  78  85 143 174 175 174 173 174
 175 174 133  67 133 102  94 113 136 126  61 102 168 171 173 171
 173 175 104  50  50  44  41  42  45  54  96  63  72 154 174 172
 176 175 107  46  45  41  42  41  44  44  45  48  74 148 173 172
 177 175 126  49  46  42  44  43  44  45  53 102 167 176 175 177
 177 176 165  73  53  46  45  44  49  74 145 176 180 179 175 173
 177 177 174 162  93  56  54  74 130 175 176 180 182 177 172 170
 173 175 177 177 175 170 171 177 174 178 177 175 177 176 174 175
 178 177 178 179 180 178 177 177 173 178 176 174 179 175 175 173
 176 176 175 178 179 175 178 178 176 175 178 177 177 172 173 175
 174 172 171 172 176 174 170 172 170 170 172 171 172 171 165 176

