 145 154 155 151 154 151 151 150 157 154 149 150 151 147 145 135
 149 157 158 161 162 159 155 164 162 153 156 158 157 154 154 143
 157 161 160 164 158 117  81  56  53  74 113 155 158 157 156 146
 156 161 162 153  74  48  42  43  41  43  45  71 141 160 160 151
 156 163 158  79  46  41  40  40  41  40  41  45  75 153 163 152
 154 164 116  50  45  41  43  45  44  41  41  44  49 109 163 155
 164 166  78  45  41  44  85 155 155  89  43  41  45  69 164 157
 167 169  56  47  45  50 149 171 171 157  46  42  44  54 160 162
 168 170  58  48  47  55 166 175 174 169  61  45  46  59 163 163
 167 173  67  50  50  62 163 177 176 171  66  50  49  58 162 165
 170 178 103 125 121  97 168 180 181 177 103 123 124  98 165 168
 174 179 134 178 178 128 168 181 182 178 125 177 175 127 159 169
 176 180 122 179 180 142 173 186 182 183 128 180 179 134 168 172
 176 179 104 129 134 116 177 187 188 183 113 133 124 112 175 176
 178 181 188 184 190 191 184 187 187 188 190 190 187 186 180 178
 182 182 184 188 187 184 186 187 186 186 190 185 183 183 185 177
 159 164 164 164 164 163 161 162 166 166 161 161 161 161 159 155
 163 164 166 167 167 166 168 168 168 163 163 165 166 165 162 157
 167 165 165 167 165 120  80  54  56  74 115 161 168 168 166 158
 166 169 167 156  74  50  47  43  45  46  49  71 150 170 167 162
 166 170 165  77  47  45  45  43  43  42  45  46  72 157 167 163
 166 169 125  49  46  46  44  46  47  46  44  43  50 112 169 163
 171 171  83  48  47  48  92 162 166  97  45  47  49  73 168 165
 173 174  60  50  49  52 157 176 175 166  54  47  47  56 170 166
 172 174  57  49  50  57 172 178 178 174  58  48  47  56 169 169
 172 175  67  54  55  62 169 182 181 178  67  52  52  60 166 170
 178 180  98 125 127 100 171 183 183 182 105 124 126  98 171 174
 181 182 131 180 182 135 168 183 184 181 123 179 179 132 167 173
 180 184 118 182 184 137 178 185 184 184 122 181 181 133 170 175
 182 179  96 126 134 114 181 186 185 184 108 123 122 112 174 176
 183 182 188 184 190 189 187 187 186 184 192 190 189 190 182 178
 186 184 184 188 188 185 187 190 186 187 189 188 185 187 188 184
 152 155 158 156 153 155 157 152 158 159 151 152 151 150 147 148
 155 157 158 161 159 158 160 159 157 154 153 156 154 153 154 149
 162 161 163 159 154 108  73  48  49  69 102 150 155 155 157 152
 161 159 160 146  68  43  42  42  43  42  45  67 135 157 157 154
 161 161 155  73  45  41  42  38  40  42  44  45  71 150 158 153
 159 161 116  47  45  43  45  44  43  44  42  43  49 104 160 154
 164 164  76  43  45  46  89 155 154  91  44  42  46  65 158 158
 165 167  53  46  45  51 152 165 166 160  51  41  42  51 158 159
 167 165  57  47  47  56 164 170 170 167  56  46  45  56 161 160
 167 167  62  49  52  61 164 172 173 171  65  49  49  55 161 163
 172 170  96 121 121  93 164 173 174 170  99 115 121  97 161 165
 173 171 126 176 174 125 163 175 175 172 117 172 171 129 154 165
 174 176 120 175 175 128 168 177 174 176 117 172 173 130 161 166
 172 169  95 121 125 107 171 178 178 173 104 118 117 103 165 170
 175 177 182 174 181 184 176 181 178 176 181 182 179 179 173 169
 177 177 175 180 180 179 178 180 178 180 180 179 181 177 177 176

 135 143 146 151 152 155 157 162 163 165 168 169 172 176 178 177
 145 154 156 160 163 163 164 160 163 162 165 159 168 175 180 185
 147 154 157 160 153 109  69  54  59  58  98 127 134 112 186 183
 151 157 158 141  75  49  45  44  46  49 124 175 179 124 187 183
 150 158 155  71  45  44  41  42  45  50 123 177 180 133 190 185
 149 156 113  45  41  41  43  46  61  66 103 125 128 113 190 190
 154 153  74  43  40  41  89 157 169 171 177 178 183 183 188 186
 157 162  53  41  41  44 155 171 174 176 181 182 182 188 187 186
 150 164  56  43  40  45 155 171 175 177 180 181 186 187 187 187
 151 155  81  42  40  43  85 149 166 163 168 168 173 177 184 186
 151 159 117  48  41  41  44  50  55  62  97 128 142 116 191 184
 154 162 158  74  46  45  41  45  47  50 121 178 180 134 190 187
 151 161 164 153  79  50  45  47  48  50 125 178 179 129 184 188
 155 158 160 162 158 116  78  56  58  67 103 134 122 104 188 184
 154 157 161 161 163 164 166 169 170 173 178 179 180 179 181 182
 145 149 157 156 156 154 164 167 168 167 170 174 176 176 178 182
 155 157 158 162 163 163 165 166 169 170 174 173 175 176 178 184
 159 162 166 167 167 169 168 170 169 166 171 167 170 174 182 188
 161 165 168 170 157 112  73  56  56  60  98 132 133 112 190 187
 161 166 168 150  72  50  49  47  47  52 126 179 181 122 189 185
 161 165 161  71  46  43  47  47  48  52 124 179 181 123 190 188
 161 163 115  49  45  44  45  54  58  67 105 123 122 108 192 189
 166 163  74  46  42  46  97 166 174 178 182 181 184 184 184 187
 166 168  56  45  43  47 166 175 178 181 183 184 184 185 186 186
 162 168  54  43  43  46 162 176 178 182 183 183 185 186 187 190
 161 168  80  47  45  44  92 157 172 169 171 168 178 181 187 187
 163 166 120  50  45  46  48  52  57  62 100 135 137 114 189 185
 164 167 165  74  47  46  47  49  50  55 127 182 184 134 190 188
 164 167 167 156  77  49  48  50  49  54 125 180 182 126 184 188
 164 166 165 167 165 125  83  60  57  67  98 131 118  96 188 184
 164 164 165 169 170 169 171 174 174 175 180 182 184 179 182 184
 159 163 167 166 166 166 171 173 172 172 178 181 180 182 183 186
 148 149 152 154 153 154 158 159 160 163 165 165 166 170 169 176
 147 154 157 157 158 160 158 158 161 161 161 154 161 165 173 177
 150 153 155 157 150 104  65  51  56  55  97 129 130 103 179 177
 151 154 155 135  71  49  46  42  45  49 121 171 173 117 179 181
 152 156 150  67  45  43  42  41  46  49 115 172 172 118 182 179
 151 153 102  45  44  42  44  51  56  65  99 117 117 104 181 180
 159 154  69  42  42  44  91 160 167 171 170 172 176 173 176 180
 158 157  49  43  40  43 154 166 170 173 174 175 174 178 178 178
 152 159  48  42  38  44 155 165 170 172 173 175 177 178 181 180
 157 160  73  42  42  45  89 152 164 164 164 163 168 171 176 178
 155 158 108  43  41  43  46  51  56  61  93 125 128 107 184 179
 153 159 154  68  45  45  45  45  47  52 121 174 175 125 181 180
 156 161 159 146  73  47  43  46  47  49 121 176 175 121 174 180
 158 158 163 160 155 116  76  53  57  62  96 126 120  95 182 175
 155 157 161 159 161 161 164 167 165 167 170 171 176 169 177 177
 152 155 162 161 161 159 164 165 167 167 172 173 174 172 175 177

 177 185 183 183 185 190 186 186 187 186 184 187 188 184 182 182
 178 180 186 187 190 190 188 187 187 184 191 190 184 188 181 178
 176 175 112 124 133 113 183 188 187 177 116 134 129 104 179 176
 172 168 134 179 180 128 183 182 186 173 142 180 179 122 180 176
 169 159 127 175 177 125 178 182 181 168 128 178 178 134 179 174
 168 165  98 124 123 103 177 181 180 168  97 121 125 103 178 170
 165 162  58  49  50  66 171 176 177 163  62  50  50  67 173 167
 163 163  59  46  45  61 169 174 175 166  55  47  48  58 170 168
 162 160  54  44  42  46 157 171 171 149  50  45  47  56 169 167
 157 164  69  45  41  43  89 155 155  85  44  41  45  78 166 164
 155 163 109  49  44  41  41  44  45  43  41  45  50 116 164 154
 152 163 153  75  45  41  40  41  40  40  41  46  79 158 163 156
 151 160 160 141  71  45  43  41  43  42  48  74 153 162 161 156
 146 156 157 158 155 113  74  53  56  81 117 158 164 160 161 157
 143 154 154 157 158 156 153 162 164 155 159 162 161 158 157 149
 135 145 147 151 150 149 154 157 150 151 151 154 151 155 154 145
 184 188 187 185 188 189 187 186 190 187 185 188 188 184 184 186
 178 182 190 189 190 192 184 186 187 187 189 190 184 188 182 183
 176 174 112 122 123 108 184 185 186 181 114 134 126  96 179 182
 175 170 133 181 181 122 184 184 185 178 137 184 182 118 184 180
 173 167 132 179 179 123 181 184 183 168 135 182 180 131 182 181
 174 171  98 126 124 105 182 183 183 171 100 127 125  98 180 178
 170 166  60  52  52  67 178 181 182 169  62  55  54  67 175 172
 169 169  56  47  48  58 174 178 178 172  57  50  49  57 174 172
 166 170  56  47  47  54 166 175 176 157  52  49  50  60 174 173
 165 168  73  49  47  45  97 166 162  92  48  47  48  83 171 171
 163 169 112  50  43  44  46  47  46  44  46  46  49 125 169 166
 163 167 157  72  46  45  42  43  43  45  45  47  77 165 170 166
 162 167 170 150  71  49  46  45  43  47  50  74 156 167 169 166
 158 166 168 168 161 115  74  56  54  80 120 165 167 165 165 167
 157 162 165 166 165 163 163 168 168 168 166 167 167 166 164 163
 155 159 161 161 161 161 166 166 162 161 163 164 164 164 164 159
 176 177 177 181 179 180 180 178 180 178 179 180 180 175 177 177
 169 173 179 179 182 181 176 178 181 176 184 181 174 182 177 175
 170 165 103 117 118 104 173 178 178 171 107 125 121  95 169 172
 166 161 130 173 172 117 176 174 177 168 128 175 175 120 176 174
 165 154 129 171 172 117 172 175 175 163 125 174 176 126 171 173
 165 161  97 121 115  99 170 174 173 164  93 121 121  96 170 172
 163 161  55  49  49  65 171 173 172 164  61  52  49  62 167 167
 160 161  56  45  46  56 167 170 170 164  56  47  47  57 165 167
 159 158  51  42  41  51 160 166 165 152  51  45  46  53 167 165
 158 158  65  46  42  44  91 154 155  89  46  45  43  76 164 164
 154 160 104  49  43  42  44  43  44  45  43  45  47 116 161 159
 153 158 150  71  45  44  42  40  38  42  41  45  73 155 161 161
 154 157 157 135  67  45  42  43  42  42  43  68 146 160 159 161
 152 157 155 155 150 102  69  49  48  73 108 154 159 163 161 162
 149 154 153 154 156 153 154 157 159 160 158 159 161 158 157 155
 148 147 150 151 152 151 159 158 152 157 155 153 156 158 155 152

 182 178 176 176 174 170 167 168 167 164 154 156 156 157 149 145
 182 181 179 180 179 178 173 170 169 166 164 163 161 161 157 154
 184 188 104 122 134 103  67  58  56  78 116 158 162 160 158 155
 188 184 129 179 178 125  50  48  47  45  50  79 153 164 161 151
 187 190 134 180 178 121  50  47  45  41  45  46  74 158 162 154
 184 191 116 142 128  97  62  55  50  44  41  41  48 117 159 151
 186 184 177 173 168 168 163 166 149  85  43  40  42  81 155 151
 187 187 187 186 181 180 177 175 171 155  45  40  43  56 164 150
 186 187 188 182 182 181 176 174 171 155  44  41  41  53 162 157
 186 188 183 183 178 177 171 169 157  89  41  40  43  74 153 154
 190 190 113 128 125 103  66  61  46  43  41  41  45 113 156 149
 185 190 133 180 177 123  50  45  42  41  44  45  71 155 158 150
 183 187 124 179 175 124  49  46  44  45  49  75 141 158 157 151
 183 186 112 134 127  98  58  59  54  69 109 153 160 157 154 147
 185 180 175 168 159 165 162 163 160 164 163 163 160 156 154 145
 177 178 176 172 169 168 165 163 162 157 155 152 151 146 143 135
 186 183 182 180 181 178 172 172 173 171 166 166 166 167 163 159
 184 182 179 184 182 180 175 174 174 171 169 170 169 165 164 164
 184 188  96 118 131  98  67  57  60  83 125 165 167 165 166 164
 188 184 126 182 180 125  54  49  50  48  49  77 156 167 167 164
 188 190 134 184 182 127  55  50  49  47  46  47  74 165 167 164
 185 189 114 137 135 100  62  57  52  48  46  45  50 120 166 163
 187 187 181 178 168 171 169 172 157  92  44  45  47  80 168 161
 190 187 186 185 183 183 182 178 176 162  46  43  43  54 168 162
 186 186 185 184 184 183 181 178 175 166  47  43  45  56 168 166
 187 184 184 184 181 182 178 174 166  97  46  42  46  74 163 166
 189 192 108 122 123 105  67  58  54  45  44  45  49 115 163 161
 188 190 123 181 179 124  52  48  47  47  43  46  71 161 165 161
 185 189 122 181 179 126  52  47  47  49  50  72 150 168 166 161
 187 190 112 133 132  98  60  56  56  73 112 157 170 168 165 161
 188 182 174 170 167 171 166 169 170 168 169 167 167 166 162 159
 184 178 176 175 173 174 170 169 166 165 163 163 162 158 157 155
 177 175 172 174 173 172 167 167 165 164 159 161 161 162 155 152
 177 177 169 176 171 170 167 165 167 164 161 161 159 161 157 155
 175 182  95 120 126  96  62  57  53  76 116 155 160 163 158 158
 180 174 121 175 176 121  49  47  46  43  47  73 146 159 161 156
 180 181 125 175 174 121  52  47  45  45  45  45  68 154 159 153
 179 184 107 128 125  93  61  56  51  46  43  41  43 108 158 155
 178 176 171 168 163 164 164 164 152  89  45  42  42  73 160 157
 180 181 178 177 175 173 172 170 165 155  44  38  42  48 159 152
 178 178 178 174 175 174 173 170 166 154  43  40  43  49 157 158
 180 176 173 176 172 170 171 167 160  91  44  42  42  69 154 159
 180 181 104 117 117  99  65  56  51  44  42  44  45 102 153 151
 179 182 118 172 172 115  49  46  41  42  43  45  67 150 156 152
 181 179 117 173 171 121  49  45  42  46  49  71 135 155 154 151
 177 179 103 130 129  97  55  56  51  65 104 150 157 155 153 150
 177 173 165 161 154 161 161 161 158 158 160 158 157 157 154 147
 176 169 170 166 165 165 163 160 159 158 154 153 154 152 149 148

