 121 127 127 128 111 127 129 134 130 127 129 114 124 130 133 125
 126 136 138 128  74  66  94 127 132 102  75  73 130 138 138 135
 129 137 136 101  63  60 100  90  94 101  64  62  97 139 140 132
 128 142 140 136 124  70  64 116 121  66  67 125 133 141 141 134
 131 144 140 112  67  65  66 131 139  66  66  83 115 141 144 143
 126 137 127 109 134 134  74  64  69  68 136 142 102 127 131 133
 131  86  97  72 110 123  60  61  58  58 116 109  82 100 100 134
  92  64  62  63  61  61  60  51  50  51  59  58  63  57  61  92
 118  88  82  76  97 103  60  58  62  65 113 100  84  91  96 136
 132 117 128  81 138 139  76  61  67  78 137 135  87 130 136 143
 144 145 143 131 115 105  79 138 134  70 108 115 133 143 150 151
 139 148 148 132 118  65  70 132 132  68  75 124 140 152 156 155
 138 148 147 106  74  70  85 114  96 102  66  70 117 157 156 154
 141 147 150 137  74  64 125 134 131 116  66  92 151 156 156 151
 138 146 149 137 103 123 140 153 151 130 136 115 154 156 156 150
 136 147 148 150 152 148 147 147 139 141 150 158 156 158 157 148
 139 142 142 141 120 137 141 146 144 141 136 118 143 147 146 144
 140 146 146 140  77  72 116 143 142 112  77  75 145 150 148 148
 144 148 147 111  60  64 110  96 101 111  67  61 107 151 152 148
 147 148 149 138 132  69  62 128 127  70  72 134 141 153 153 146
 148 147 148 113  60  66  70 143 143  68  69  81 130 152 152 147
 145 140 136 110 147 145  70  64  64  76 150 152 102 140 140 150
 141  90 105  74 122 128  65  65  60  61 132 120  88 105 112 148
  94  62  56  60  61  61  60  50  51  53  59  54  60  56  64  97
 130  90  94  75 103 108  64  59  60  62 125 109  90  98 103 147
 148 120 134  85 145 145  72  58  63  81 152 150  93 139 141 156
 146 148 149 140 115 103  77 148 144  73 108 115 140 158 160 156
 147 151 152 134 115  60  68 150 141  63  71 123 150 161 162 157
 148 152 152 103  68  73  89 122  98 110  66  71 117 162 164 157
 149 151 151 140  70  68 132 140 136 121  66  97 161 162 163 159
 148 150 153 140 104 124 142 154 158 137 145 120 162 164 162 160
 146 152 153 153 154 149 150 153 149 146 153 162 163 163 163 153
 136 141 143 140 119 138 142 145 145 141 138 117 139 142 143 139
 141 144 145 138  75  71 120 134 137 107  75  79 140 146 147 146
 144 145 146 107  59  68 108  98  95 111  67  64 106 148 149 144
 143 149 145 140 128  69  65 133 127  69  70 128 143 150 150 147
 145 148 148 115  64  67  75 147 143  70  64  84 130 151 151 146
 145 140 132 109 147 146  72  65  64  83 146 154 102 134 136 144
 145  86 109  79 129 126  60  66  62  68 127 116  89 104 110 146
  90  61  57  59  62  60  55  50  50  52  56  56  59  55  59  97
 122  84  90  77 104 104  64  59  66  65 123 110  91  99 105 147
 143 117 132  85 145 142  76  62  64  83 149 148  96 134 143 154
 145 154 149 142 111 101  74 148 141  69 105 115 139 157 155 156
 146 151 149 131 108  60  72 146 138  63  73 127 147 159 156 153
 148 152 150 102  68  71  89 118  92 105  68  67 118 159 158 156
 149 150 146 134  71  65 128 137 131 123  65  92 157 163 160 157
 146 148 150 137 104 118 145 155 154 136 141 114 160 158 158 157
 146 151 150 151 151 149 149 152 148 148 152 164 161 162 162 149

 125 135 132 134 143 133 134  92 136 143 151 155 154 151 150 148
 133 138 140 141 144 131 100  61  96 136 150 156 156 156 156 157
 130 138 139 141 141 127 100  57  91 130 143 152 157 156 156 158
 124 130  97 133 115 102  82  63  84  87 133 140 117 151 154 156
 114  73  62 125  83 142 109  58 100 135 115 124  70  92 115 158
 129  75  64  67  66 136 116  59 113 137 108  75  66  66 136 150
 127 102 101  66  66  68  58  51  65  78  70  68 102 116 130 141
 130 132  94 121 139  69  58  50  62  67 134 132  96 131 151 139
 134 127  90 116 131  64  61  51  58  61 138 132 114 134 153 147
 129  94 100  64  66  74  60  60  60  76  79  70  85 125 140 147
 127  66  60  70  65 134 123  61 103 139 105  65  70  64 123 148
 111  74  63 124  67 134 110  61  97 138 115 118  74  74 103 152
 128 128 101 136 112 109  72  63  76  81 131 132 106 137 137 150
 127 138 136 140 140 127  97  62  82 128 143 148 147 150 149 148
 127 136 137 142 144 137  86  64  88 117 145 148 148 147 146 147
 121 126 129 128 131 126 131  92 118 132 144 139 138 141 138 136
 144 148 148 146 147 150 148  97 147 156 156 157 157 159 160 153
 146 148 152 153 152 140 112  64 103 141 160 162 164 163 162 163
 147 150 151 153 152 140 105  56  98 139 158 161 162 162 164 163
 143 145 107 141 130 102  88  60  90  93 140 150 117 161 162 163
 118  75  61 134  81 152 120  54 109 150 115 123  71  97 120 162
 136  77  67  72  69 150 132  59 125 152 108  71  66  66 145 153
 141 112 111  70  68  76  61  53  62  81  73  63 110 121 137 146
 144 142 101 127 143  64  60  51  60  63 144 141  98 136 158 149
 146 143  96 128 143  64  65  50  59  58 148 150 122 140 154 153
 141 116 110  62  70  70  65  60  64  72  77  68  89 132 142 150
 137  72  64  69  66 145 128  61 108 145 103  60  73  68 124 149
 120  77  60 132  60 147 122  61 103 145 115 115  68  70 104 154
 141 140 111 138 113 110  74  60  75  85 140 134 103 140 140 153
 142 146 147 149 148 136 105  56  94 134 149 152 152 151 153 153
 142 146 148 148 147 140  90  62  90 120 148 151 152 151 150 152
 139 140 144 147 148 145 141  94 130 148 146 147 148 149 148 146
 139 146 144 147 146 144 146  97 147 154 156 153 156 157 157 149
 143 147 149 150 151 136 110  59 105 143 155 156 158 160 158 162
 142 146 148 150 151 134 104  55  99 134 157 159 159 163 158 162
 139 140 106 143 130 102  89  59  91  96 139 147 118 157 160 161
 117  79  64 128  84 154 116  56 110 148 115 127  67  92 114 164
 138  75  67  70  64 146 127  56 123 149 105  73  68  65 141 152
 141 107 111  69  70  83  68  52  65  83  69  63 105 123 136 148
 145 137  95 127 143  64  62  50  66  64 141 138  92 131 154 148
 145 134  98 133 147  65  66  50  59  62 148 146 118 137 155 152
 142 120 108  65  75  72  60  55  64  76  74  72  89 128 145 149
 138  71  68  69  67 146 126  60 104 142 101  60  71  65 118 149
 119  75  59 128  64 147 129  62 104 145 111 108  68  71 104 151
 140 138 107 140 115 109  79  59  77  85 142 131 102 134 137 151
 143 145 146 145 148 132 109  57  90 132 149 149 150 146 150 150
 141 144 145 149 148 140  86  61  84 117 154 151 152 150 148 151
 136 141 144 143 145 145 145  90 122 143 145 146 148 149 146 146

 148 157 158 156 158 150 141 139 147 147 148 152 150 148 147 136
 150 156 156 154 115 136 130 151 153 140 123 103 137 149 146 138
 151 156 156 151  92  66 116 131 134 125  64  74 137 150 147 141
 154 156 157 117  70  66 102  96 114  85  70  74 106 147 148 138
 155 156 152 140 124  75  68 132 132  70  65 118 132 148 148 139
 151 150 143 133 115 108  70 134 138  79 105 115 131 143 145 144
 143 136 130  87 135 137  78  67  61  76 139 138  81 128 117 132
 136  96  91  84 100 113  65  62  58  60 103  97  76  82  88 118
  92  61  57  63  58  59  51  50  51  60  61  61  63  62  64  92
 134 100 100  82 109 116  58  58  61  60 123 110  72  97  86 131
 133 131 127 102 142 136  68  69  64  74 134 134 109 127 137 126
 143 144 141 115  83  66  66 139 131  66  65  67 112 140 144 131
 134 141 141 133 125  67  66 121 116  64  70 124 136 140 142 128
 132 140 139  97  62  64 101  94  90 100  60  63 101 136 137 129
 135 138 138 130  73  75 102 132 127  94  66  74 128 138 136 126
 125 133 130 124 114 129 127 130 134 129 127 111 128 127 127 121
 153 163 163 163 162 153 146 149 153 150 149 154 153 153 152 146
 160 162 164 162 120 145 137 158 154 142 124 104 140 153 150 148
 159 163 162 161  97  66 121 136 140 132  68  70 140 151 151 149
 157 164 162 117  71  66 110  98 122  89  73  68 103 152 152 148
 157 162 161 150 123  71  63 141 150  68  60 115 134 152 151 147
 156 160 158 140 115 108  73 144 148  77 103 115 140 149 148 146
 156 141 139  93 150 152  81  63  58  72 145 145  85 134 120 148
 147 103  98  90 109 125  62  60  59  64 108 103  75  94  90 130
  97  64  56  60  54  59  53  51  50  60  61  61  60  56  62  94
 148 112 105  88 120 132  61  60  65  65 128 122  74 105  90 141
 150 140 140 102 152 150  76  64  64  70 145 147 110 136 140 145
 147 152 152 130  81  69  68 143 143  70  66  60 113 148 147 148
 146 153 153 141 134  72  70 127 128  62  69 132 138 149 148 147
 148 152 151 107  61  67 111 101  96 110  64  60 111 147 148 144
 148 148 150 145  75  77 112 142 143 116  72  77 140 146 146 140
 144 146 147 143 118 136 141 144 146 141 137 120 141 142 142 139
 149 162 162 161 164 152 148 148 152 149 149 151 151 150 151 146
 157 158 158 160 114 141 136 154 155 145 118 104 137 150 148 146
 157 160 163 157  92  65 123 131 137 128  65  71 134 146 150 149
 156 158 159 118  67  68 105  92 118  89  71  68 102 150 152 148
 153 156 159 147 127  73  63 138 146  72  60 108 131 149 151 146
 156 155 157 139 115 105  69 141 148  74 101 111 142 149 154 145
 154 143 134  96 148 149  83  64  62  76 142 145  85 132 117 143
 147 105  99  91 110 123  65  66  59  64 104 104  77  90  84 122
  97  59  55  59  56  56  52  50  50  55  60  62  59  57  61  90
 146 110 104  89 116 127  68  62  66  60 126 129  79 109  86 145
 144 136 134 102 154 146  83  64  65  72 146 147 109 132 140 145
 146 151 151 130  84  64  70 143 147  75  67  64 115 148 148 145
 147 150 150 143 128  70  69 127 133  65  69 128 140 145 149 143
 144 149 148 106  64  67 111  95  98 108  68  59 107 146 145 144
 146 147 146 140  79  75 107 137 134 120  71  75 138 145 144 141
 139 143 142 139 117 138 141 145 145 142 138 119 140 143 141 136

 136 138 141 138 139 144 132 118  92 131 126 131 128 129 126 121
 147 146 147 148 148 145 117  88  64  86 137 144 142 137 136 127
 148 149 150 147 148 143 128  82  62  97 127 140 140 136 138 127
 150 137 137 106 132 131  81  76  63  72 109 112 136 101 128 128
 152 103  74  74 118 115 138  97  61 110 134  67 124  63  74 111
 148 123  64  70  65 105 139 103  61 123 134  65  70  60  66 127
 147 140 125  85  70  79  76  60  60  60  74  66  64 100  94 129
 147 153 134 114 132 138  61  58  51  61  64 131 116  90 127 134
 139 151 131  96 132 134  67  62  50  58  69 139 121  94 132 130
 141 130 116 102  68  70  78  65  51  58  68  66  66 101 102 127
 150 136  66  66  75 108 137 113  59 116 136  66  67  64  75 129
 158 115  92  70 124 115 135 100  58 109 142  83 125  62  73 114
 156 154 151 117 140 133  87  84  63  82 102 115 133  97 130 124
 158 156 156 157 152 143 130  91  57 100 127 141 141 139 138 130
 157 156 156 156 156 150 136  96  61 100 131 144 141 140 138 133
 148 150 151 154 155 151 143 136  92 134 133 143 134 132 135 125
 146 148 149 148 147 146 148 130  94 141 145 148 147 144 140 139
 152 150 151 152 151 148 120  90  62  90 140 147 148 148 146 142
 153 153 151 152 152 149 134  94  56 105 136 148 149 147 146 142
 153 140 140 103 134 140  85  75  60  74 110 113 138 111 140 141
 154 104  70  68 115 115 145 103  61 122 147  60 132  60  77 120
 149 124  68  73  60 103 145 108  61 128 145  66  69  64  72 137
 150 142 132  89  68  77  72  64  60  65  70  70  62 110 116 141
 153 154 140 122 150 148  58  59  50  65  64 143 128  96 143 146
 149 158 136  98 141 144  63  60  51  60  64 143 127 101 142 144
 146 137 121 110  63  73  81  62  53  61  76  68  70 111 112 141
 153 145  66  66  71 108 152 125  59 132 150  69  72  67  77 136
 162 120  97  71 123 115 150 109  54 120 152  81 134  61  75 118
 163 162 161 117 150 140  93  90  60  88 102 130 141 107 145 143
 163 164 162 162 161 158 139  98  56 105 140 152 153 151 150 147
 163 162 163 164 162 160 141 103  64 112 140 152 153 152 148 146
 153 160 159 157 157 156 156 147  97 148 150 147 146 148 148 144
 146 146 149 148 146 145 143 122  90 145 145 145 143 144 141 136
 151 148 150 152 151 154 117  84  61  86 140 148 149 145 144 141
 150 150 146 150 149 149 132  90  57 109 132 148 145 146 145 143
 151 137 134 102 131 142  85  77  59  79 109 115 140 107 138 140
 151 104  71  68 108 111 145 104  62 129 147  64 128  59  75 119
 149 118  65  71  60 101 142 104  60 126 146  67  69  68  71 138
 149 145 128  89  72  74  76  64  55  60  72  75  65 108 120 142
 152 155 137 118 146 148  62  59  50  66  65 147 133  98 134 145
 148 154 131  92 138 141  64  66  50  62  64 143 127  95 137 145
 148 136 123 105  63  69  83  65  52  68  83  70  69 111 107 141
 152 141  65  68  73 105 149 123  56 127 146  64  70  67  75 138
 164 114  92  67 127 115 148 110  56 116 154  84 128  64  79 117
 161 160 157 118 147 139  96  91  59  89 102 130 143 106 140 139
 162 158 163 159 159 157 134  99  55 104 134 151 150 148 146 142
 162 158 160 158 156 155 143 105  59 110 136 151 150 149 147 143
 149 157 157 156 153 156 154 147  97 146 144 146 147 144 146 139

